20455828_2605100732.jpg 263 82 29 56 35 435 890 293 126 129
20455953_2495695852.jpg 183 17 1454 304 43 259 312 11 130 795
20456062_1743140291.jpg 153 432 950 150 65 899 115 7 97 49
20456156_569666054.jpg 466 28 192 99 412 28 199 2 169 27
20456234_304574174.jpg 1162 61 88 583 638 26 463 39 833 2
20456468_2872799721.jpg 206 581 167 772 767 55 219 2 561 298
20456562_2869395312.jpg 970 339 1517 28 1400 124 868 339 239 622
20456671_418989852.jpg 2467 347 935 210 689 888 43 231 41 155
20456781_852834046.jpg 164 52 43 324 34 22 71 73 22 62
20456859_3970255468.jpg 237 37 2 82 347 10 170 468 2 2011
20456953_1900515284.jpg 1286 818 345 183 163 1307 996 2 37 27
20457109_3410711018.jpg 111 344 2780 344 1951 270 205 423 242 71
20457187_4230393655.jpg 401 1116 173 131 173 9 342 176 277 166
20457531_283969781.jpg 1400 433 530 339 1472 7 227 295 509 11
20457593_4197262336.jpg 33 9 612 549 2 860 407 1170 489 407
20457703_1123021227.jpg 24 151 30 240 14 182 108 161 1648 235
20457781_2258041507.jpg 1307 192 54 1286 1 9 315 1561 175 75
20457890_2399557098.jpg 54 36 1183 1183 17 764 3 48 71 6
20458109_4264511190.jpg 77 1046 564 1471 1 2787 40 2100 406 227
20458250_2659427051.jpg 30 58 323 258 2 531 639 378 17 32
20458500_1143785529.jpg 22 6 6 73 26 2 19 46 19 413
20458609_164712753.jpg 407 232 35 1694 779 645 422 79 60 68
20458859_213649407.jpg 74 69 481 5 730 749 192 611 2 27
20458937_630463768.jpg 63 914 416 222 900 14 32 125 45 493
20459062_990397252.jpg 78 122 5 1134 770 260 287 57 4 163
20459187_2300069361.jpg 123 1412 11 630 277 2 114 9 451 183
20459281_265441177.jpg 231 214 188 901 754 1204 959 210 10 135
20459531_3122997075.jpg 18 116 1 29 84 25 43 479 34 256
20459843_2752426851.jpg 2 361 22 6 176 17 37 27 259 265
20459937_783427889.jpg 77 8 79 677 778 1683 69 7 2396 531
20460046_2463699490.jpg 236 317 1601 77 40 284 511 684 517 352
20460328_377296466.jpg 550 50 41 48 700 833 164 2 838 200
20460437_349812712.jpg 5 429 100 1 801 49 543 1058 148 1704
20460531_3690682957.jpg 17 55 129 2 1377 2076 7 43 1072 459
20460640_567835827.jpg 10 76 76 118 424 2204 223 939 1173 125
20460703_4226643156.jpg 57 1 930 346 584 673 16 59 99 336
20460906_1532687775.jpg 5 4 310 479 34 19 22 178 543 14
20461093_538886325.jpg 55 129 32 345 1658 70 56 193 526 14
20461203_3932431188.jpg 114 35 40 72 278 1 276 2047 885 177
20461312_4034477809.jpg 2448 126 103 185 99 11 59 2 2129 2353
20461437_767248259.jpg 528 597 3 3144 129 25 37 61 274 448
20461531_3417278574.jpg 7 8 126 51 2 1093 610 27 429 159
20461687_2304302683.jpg 2411 10 110 406 9 464 366 51 510 93
20461781_470656693.jpg 652 107 86 270 42 95 2 429 875 830
20461875_1726086635.jpg 116 159 233 1484 88 312 532 34 73 117
20462000_1704540233.jpg 19 46 71 118 73 22 6 71 46 118
20462187_3854775327.jpg 94 44 429 275 1533 718 14 126 64 165
20462296_1812602904.jpg 956 65 5 9 14 642 70 530 31 57
20462390_383444265.jpg 90 2003 3187 10 386 3187 28 454 75 135
20462500_1556795245.jpg 87 1253 965 606 39 271 75 82 1004 2730
